0123699170367145986394629201 
0123699170367145986394629202 
0128762608660145986403230201 
0128762608660145986403230202 
0123263294189145986428128601 
0123263294189145986428128602 
0125639630139145986530905901 
0125639630139145986530905902 
0128610016824145986640195401 
0128610016824145986640195402 
0128649321230145986658874101 
0128649321230145986658874102 
0128693712884145986688977301 
0128693712884145986688977302 
0123311319561145986763052601 
0123311319561145986763052602 
0125901233746145986880315501 
0125901233746145986880315502 
0123699287071145987170368601 
0123699287071145987170368602 
0128610588537145987211978501 
0128610588537145987211978502 
0123661398245145987302625101 
0123661398245145987302625102 
0123718336961145987319674201 
0123718336961145987319674202 
0123521621958145987367232301 
0123521621958145987367232302 
0123810395202145987404497901 
0123810395202145987404497902 
0128600729562145987445726001 
0128600729562145987445726002 
0128613173340145987460260001 
0128613173340145987460260002 
0128612983972145987634876301 
0128612983972145987634876302 
0125116969366145987678324701 
0125116969366145987678324702 
0128513852612145987794369401 
0128513852612145987794369402 
0128612451001145987978215801 
0128612451001145987978215802 
0123810766638145988500222301 
0123810766638145988500222302 
0128141910832145988534075301 
0128141910832145988534075302 
0128538192976145988547878101 
0128538192976145988547878102 
0123811295415145989868912501 
0123811295415145989868912502 
0123911049630145990336230801 
0123911049630145990336230802 
0123701334884145990479209901 
0123701334884145990479209902 
0123901287217145990486678301 
0123901287217145990486678302 
0125210217803145990594013701 
0125210217803145990594013702 
0123911366815145990947185401 
0123911366815145990947185402 
0123581882983145991038826701 
0123581882983145991038826702 
0128601139286145991049292301 
0128601139286145991049292302 
0125010885460145991101939501 
0125010885460145991101939502 
0123401062067145991554345401 
0123401062067145991554345402 
0127710291002145992276132101 
0127710291002145992276132102 
0123683680076145992349337101 
0123683680076145992349337102 
0123811616001145992445548301 
0123811616001145992445548302 
0123581531556145992514158701 
0123581531556145992514158702 
0123717700539145992565260601 
0123717700539145992565260602 
0123261584219145992572878801 
0123261584219145992572878802 
0125801639788145992574334201 
0125801639788145992574334202 
0123520741677145992579358001 
0123520741677145992579358002 
0123641139755145992588808901 
0123641139755145992588808902 
0123436880811145992715082801 
0123436880811145992715082802 
0127001271168145992846370401 
0127001271168145992846370402 
0123910000815145993038230601 
0123910000815145993038230602 
0128560105390145993059394101 
0128560105390145993059394102 
0123810190385145993099588901 
0123810190385145993099588902 
0128710096091145993178751401 
0128710096091145993178751402 
0123701251988145993687302501 
0123701251988145993687302502 
0125901171071145993828491101 
0125901171071145993828491102 
0123683254501145994768578401 
0123683254501145994768578402 
0123705175897145994879402001 
0123705175897145994879402002 
0123910655382145999293847501 
0123910655382145999293847502 
0123910534935146000574547501 
0123910534935146000574547502 
0125210905059146001228443101 
0125210905059146001228443102 
0123810784908146001347072401 
0123810784908146001347072402 
0123013912805146001438297701 
0123013912805146001438297702 
0128601060216146001717153301 
0128601060216146001717153302 
0125810950627146001770348301 
0125810950627146001770348302 
0125901517961146001932244901 
0125901517961146001932244902 
0125901570968146001975646201 
0125901570968146001975646202 
0128611571165146002005854501 
0128611571165146002005854502 
0123611359883146002111621401 
0123611359883146002111621402 
0128201078096146002130727401 
0128201078096146002130727402 
0123811398674146002199036801 
0123811398674146002199036802 
0128611541559146002215084801 
0128611541559146002215084802 
0123811398045146002243293901 
0123811398045146002243293902 
0125911033908146002249053801 
0125911033908146002249053802 
0125810807193146002252098801 
0125810807193146002252098802 
0123439720310146002256779701 
0123439720310146002256779702 
0123911910160146002267108601 
0123911910160146002267108602 
0123552355730146002272049601 
0123552355730146002272049602 
0123488830398146002281723601 
0123488830398146002281723602 
0123683519959146002291920901 
0123683519959146002291920902 
0125810395587146002292447301 
0125810395587146002292447302 
0125210394156146002303099401 
0125210394156146002303099402 
0123552823775146002308563901 
0123552823775146002308563902 
0125810965499146002315775701 
0125810965499146002315775702 
0128518757151146002329565901 
0128518757151146002329565902 
0123810101335146002385184601 
0123810101335146002385184602 
0123501328347146002398122201 
0123501328347146002398122202 
0128677118347146002417209701 
0128677118347146002417209702 
0128522061553146002420559301 
0128522061553146002420559302 
0123693698719146002472940501 
0123693698719146002472940502 
0128210123307146002473052501 
0128210123307146002473052502 
0123552097127146002473193501 
0123552097127146002473193502 
0123699291577146002516150201 
0123699291577146002516150202 
0125911110713146002517764001 
0125911110713146002517764002 
0128511869914146002535961801 
0128511869914146002535961802 
0128600117525146002547346701 
0128600117525146002547346702 
0123810590065146002558170401 
0123810590065146002558170402 
0125901320512146002572223201 
0125901320512146002572223202 
0125611526982146002580940101 
0125611526982146002580940102 
0128600560167146002590177401 
0128600560167146002590177402 
0123439491780146002620185401 
0123439491780146002620185402 
0123693039609146002628422701 
0123693039609146002628422702 
0123901023737146002629432201 
0123901023737146002629432202 
0123901238853146002668163101 
0123901238853146002668163102 
0125010590523146002691195701 
0125010590523146002691195702 
0123810824442146002710455101 
0123810824442146002710455102 
0128910288558146002714107001 
0128910288558146002714107002 
0123811980873146002749041301 
0123811980873146002749041302 
0123611120049146002750106501 
0123611120049146002750106502 
0123520865905146002770527001 
0123520865905146002770527002 
0123552928321146002781629601 
0123552928321146002781629602 
0125201356277146002787341801 
0125201356277146002787341802 
0123651379695146002803144601 
0123651379695146002803144602 
0123910222139146002878119601 
0123910222139146002878119602 
0125801291787146002883539601 
0125801291787146002883539602 
0123511018509146002888570201 
0123511018509146002888570202 
0125810866031146002892808201 
0125810866031146002892808202 
0123810471546146002897242801 
0123810471546146002897242802 
0123911906533146002915391801 
0123911906533146002915391802 
0123621206866146002960086501 
0123621206866146002960086502 
0128210782258146002961300201 
0128210782258146002961300202 
0123401111684146002984212101 
0123401111684146002984212102 
0123651366887146002985409501 
0123651366887146002985409502 
0123681321123146002997265601 
0123681321123146002997265602 
0123701272187146003004457601 
0123701272187146003004457602 
0128301215422146003006314501 
0128301215422146003006314502 
0123810756028146003026439401 
0123810756028146003026439402 
0128600083716146003033861801 
0128600083716146003033861802 
0123683627557146003041032001 
0123683627557146003041032002 
0123910141311146003076096101 
0123910141311146003076096102 
0123810257124146003089736401 
0123810257124146003089736402 
0123801088026146003096655301 
0123801088026146003096655302 
0123439507615146003125491001 
0123439507615146003125491002 
0123691289793146003131825701 
0123691289793146003131825702 
0123691247473146003147301301 
0123691247473146003147301302 
0123801151841146003157320401 
0123801151841146003157320402 
0128612169023146003163256301 
0128612169023146003163256302 
0123681148555146003205061101 
0123681148555146003205061102 
0125611081892146003207620101 
0125611081892146003207620102 
0123910222122146003210164801 
0123910222122146003210164802 
0128001293102146003216617901 
0128001293102146003216617902 
0123810558460146003219948301 
0123810558460146003219948302 
0128611552726146003252659601 
0128611552726146003252659602 
0125611211032146003258861601 
0125611211032146003258861602 
0123911894646146003274888801 
0123911894646146003274888802 
0125022203939146003301758401 
0125022203939146003301758402 
0123520336843146003306420301 
0123520336843146003306420302 
0123910196979146003323737901 
0123910196979146003323737902 
0125210624097146003329228801 
0125210624097146003329228802 
0128519039532146003357009901 
0128519039532146003357009902 
0123521666223146003371263501 
0123521666223146003371263502 
0123811022294146003392952101 
0123811022294146003392952102 
0123501339559146003398231701 
0123501339559146003398231702 
0123581619775146003414050701 
0123581619775146003414050702 
0123801377566146003415226801 
0123801377566146003415226802 
0123810324761146003422250601 
0123810324761146003422250602 
0125210841092146003486110701 
0125210841092146003486110702 
0128911882928146003493838501 
0128911882928146003493838502 
0128500192117146003499434201 
0128500192117146003499434202 
0128611137124146003510730701 
0128611137124146003510730702 
0123811409869146003516069601 
0123811409869146003516069602 
0125201135897146003527054801 
0125201135897146003527054802 
0123810328827146003531705601 
0123810328827146003531705602 
0125330257929146003533156601 
0125330257929146003533156602 
0123681275377146003546383201 
0123681275377146003546383202 
0123301373848146003547694901 
0123301373848146003547694902 
0123161888021146003550003501 
0123161888021146003550003502 
0128958124256146003555573901 
0128958124256146003555573902 
0128311368670146003567085701 
0128311368670146003567085702 
0123521113420146003581675901 
0123521113420146003581675902 
0125300077665146003583391101 
0125300077665146003583391102 
0123810227113146003586692101 
0123810227113146003586692102 
0123681303612146003586778501 
0123681303612146003586778502 
0123810411503146003592528301 
0123810411503146003592528302 
0123466629740146003605907701 
0123466629740146003605907702 
0128810380103146003640480001 
0128810380103146003640480002 
0123520826114146003652418501 
0123520826114146003652418502 
0125101131575146003652647501 
0125101131575146003652647502 
0123601239620146003661633201 
0123601239620146003661633202 
0123910750470146003676518501 
0123910750470146003676518502 
0125935532119146003677950901 
0125935532119146003677950902 
0123522579683146003680701101 
0123522579683146003680701102 
0123910593665146003685478501 
0123910593665146003685478502 
0125699915169146003702410001 
0125699915169146003702410002 
0125300339520146003735548301 
0125300339520146003735548302 
0128810305884146003780597501 
0128810305884146003780597502 
0128601275064146003781549501 
0128601275064146003781549502 
0123683256423146003781972901 
0123683256423146003781972902 
0123810236861146003800901901 
0123810236861146003800901902 
0123671286090146003827987601 
0123671286090146003827987602 
0125810358001146003838830701 
0125810358001146003838830702 
0123910095279146003839999101 
0123910095279146003839999102 
0123501320694146003844004301 
0123501320694146003844004302 
0125801218320146003856609701 
0125801218320146003856609702 
0128601081099146003889077601 
0128601081099146003889077602 
0125811081125146003913305901 
0125811081125146003913305902 
0125611316908146003916280201 
0125611316908146003916280202 
0123699236033146003928575601 
0123699236033146003928575602 
0128691770800146003936492701 
0128691770800146003936492702 
0128612116486146003982149501 
0128612116486146003982149502 
0128810066559146003999625201 
0128810066559146003999625202 
0123901364580146004010814701 
0123901364580146004010814702 
0128600840122146004028826901 
0128600840122146004028826902 
0123701000338146004030577701 
0123701000338146004030577702 
0128910229179146004042184701 
0128910229179146004042184702 
0123581636099146004084889801 
0123581636099146004084889802 
0123810370696146004086697001 
0123810370696146004086697002 
0123910389486146004131452701 
0123910389486146004131452702 
0123581652881146004133572001 
0123581652881146004133572002 
0128515986178146004135333701 
0128515986178146004135333702 
0123311164575146004138957701 
0123311164575146004138957702 
0123581818205146004161933101 
0123581818205146004161933102 
0125810031310146004193553501 
0125810031310146004193553502 
0123810396450146004219968001 
0123810396450146004219968002 
0123810893934146004223171201 
0123810893934146004223171202 
0125001092071146004249614901 
0125001092071146004249614902 
0123501360166146004259162401 
0123501360166146004259162402 
0123331178600146004266710401 
0123331178600146004266710402 
0128611775244146004328444101 
0128611775244146004328444102 
0123810053932146004362890701 
0123810053932146004362890702 
0123611239996146004396211101 
0123611239996146004396211102 
0123621074824146004415356201 
0123621074824146004415356202 
0123501291399146004422988601 
0123501291399146004422988602 
0123501019678146004475885101 
0123501019678146004475885102 
0123651326749146004516626501 
0123651326749146004516626502 
0123521443201146004535077901 
0123521443201146004535077902 
0123910035058146004849501501 
0123910035058146004849501502 
0123621004307146005150010101 
0123621004307146005150010102 
0123811541461146005318487901 
0123811541461146005318487902 
0123661014253146005327604201 
0123661014253146005327604202 
0123701073819146006034402801 
0123701073819146006034402802 
0123522973290146006482972701 
0123522973290146006482972702 
0125910217370146006583629101 
0125910217370146006583629102 
0123718668911146006746482201 
0123718668911146006746482202 
0123911088976146006774615001 
0123911088976146006774615002 
0123717913678146006810631501 
0123717913678146006810631502 
0123511097110146006876286701 
0123511097110146006876286702 
0123621259135146006943413501 
0123621259135146006943413502 
0123911537381146006975417301 
0123911537381146006975417302 
0128515445559146006984856901 
0128515445559146006984856902 
0123691517851146007004443401 
0123691517851146007004443402 
0128612210561146007017451601 
0128612210561146007017451602 
0125801285300146007051429901 
0125801285300146007051429902 
0123146868268146007058662801 
0123146868268146007058662802 
0125011156538146007084803601 
0125011156538146007084803602 
0123611299921146007124093601 
0123611299921146007124093602 
0123910588105146007162989501 
0123910588105146007162989502 
0128600290421146007168237501 
0128600290421146007168237502 
0128333607946146007173271401 
0128333607946146007173271402 
0123691017029146007177281101 
0123691017029146007177281102 
0123911863148146007203486201 
0123911863148146007203486202 
0128322731280146007234139301 
0128322731280146007234139302 
0123810025294146007235050101 
0123810025294146007235050102 
0128001380175146007256996601 
0128001380175146007256996602 
0128810392212146007263727301 
0128810392212146007263727302 
0123910927068146007372850601 
0123910927068146007372850602 
0127746570884146007435675001 
0127746570884146007435675002 
0123641138868146007438975201 
0123641138868146007438975202 
0123671321827146007439489101 
0123671321827146007439489102 
0128618276698146007470916101 
0128618276698146007470916102 
0123693085674146007478125501 
0123693085674146007478125502 
0125001113686146007494998201 
0125001113686146007494998202 
0125201106636146007512896701 
0125201106636146007512896702 
0127746586957146007527478401 
0127746586957146007527478402 
0123811429137146007528646301 
0123811429137146007528646302 
0125989031503146007558742001 
0125989031503146007558742002 
0123810229366146007567961201 
0123810229366146007567961202 
0123641122406146007580457501 
0123641122406146007580457502 
0128813091077146007583056601 
0128813091077146007583056602 
0128811097149146007592264501 
0128811097149146007592264502 
0128810089619146007593807901 
0128810089619146007593807902 
0123810944672146007597084301 
0123810944672146007597084302 
0123661122040146007614894501 
0123661122040146007614894502 
0123522680083146007615331101 
0123522680083146007615331102 
0123466709151146007625177501 
0123466709151146007625177502 
0128518755502146007625700101 
0128518755502146007625700102 
0123439367609146007638536001 
0123439367609146007638536002 
0123661190276146007659819601 
0123661190276146007659819602 
0123511006805146007661970301 
0123511006805146007661970302 
0125122102101146007672398301 
0125122102101146007672398302 
0123901337309146007688170801 
0123901337309146007688170802 
0125601022277146007714479101 
0125601022277146007714479102 
0123811580361146007716546301 
0123811580361146007716546302 
0128810407038146007749120701 
0128810407038146007749120702 
0128811768691146007757285901 
0128811768691146007757285902 
0123910159278146007759402001 
0123910159278146007759402002 
0123581646603146007759453801 
0123581646603146007759453802 
0123810789798146007764994801 
0123810789798146007764994802 
0123810959503146007782884301 
0123810959503146007782884302 
0125910992893146007799470601 
0125910992893146007799470602 
0123910028166146007808863301 
0123910028166146007808863302 
0125011150174146007809767101 
0125011150174146007809767102 
0123701056512146007811292201 
0123701056512146007811292202 
0123831648657146007853345901 
0123831648657146007853345902 
0123911080972146007854412701 
0123911080972146007854412702 
0123811810948146007923102301 
0123811810948146007923102302 
0123671046650146007928943201 
0123671046650146007928943202 
0127888827127146007931843301 
0127888827127146007931843302 
0125276771957146007953790301 
0125276771957146007953790302 
0123717922178146007979761201 
0123717922178146007979761202 
0123810817160146007993107301 
0123810817160146007993107302 
0128601229565146008001191801 
0128601229565146008001191802 
0123391859534146008008089901 
0123391859534146008008089902 
0123810654097146008017490701 
0123810654097146008017490702 
0123426206945146008036463301 
0123426206945146008036463302 
0123683253136146008038155101 
0123683253136146008038155102 
0123511075784146008042816701 
0123511075784146008042816702 
0125510418139146008102053101 
0125510418139146008102053102 
0123701087201146008110731401 
0123701087201146008110731402 
0125910887674146008118672201 
0125910887674146008118672202 
0123611261942146008149656601 
0123611261942146008149656602 
0123910723979146008160133701 
0123910723979146008160133702 
0125811303050146008163519601 
0125811303050146008163519602 
0125901429118146008205474201 
0125901429118146008205474202 
0123381051919146008236064201 
0123381051919146008236064202 
0123521658062146008248477701 
0123521658062146008248477702 
0128610868302146008254309301 
0128610868302146008254309302 
0128612386192146008261718601 
0128612386192146008261718602 
0128511895840146008263426201 
0128511895840146008263426202 
0123811408015146008270723401 
0123811408015146008270723402 
0123801164392146008343218201 
0123801164392146008343218202 
0125101090617146008344608801 
0125101090617146008344608802 
0123146124903146008374050101 
0123146124903146008374050102 
0123911798673146008382669701 
0123911798673146008382669702 
0123811268109146008386483401 
0123811268109146008386483402 
0125811376805146008395651401 
0125811376805146008395651402 
0123439012339146008400246201 
0123439012339146008400246202 
0123811305410146008402864601 
0123811305410146008402864602 
0128511970346146008411082301 
0128511970346146008411082302 
0128701013086146008415963001 
0128701013086146008415963002 
0123611302051146008438808001 
0123611302051146008438808002 
0128210520768146008451532101 
0128210520768146008451532102 
0123811451772146008474390401 
0123811451772146008474390402 
0128511696261146008482208801 
0128511696261146008482208802 
0123683058805146008525444001 
0123683058805146008525444002 
0128611069585146008532162601 
0128611069585146008532162602 
0128600989625146008544703301 
0128600989625146008544703302 
0128611259209146008602700101 
0128611259209146008602700102 
0123810073601146008610964901 
0123810073601146008610964902 
0123426031956146008623654701 
0123426031956146008623654702 
0123901351633146008637098201 
0123901351633146008637098202 
0123521243412146008671365801 
0123521243412146008671365802 
0125652355025146008701674301 
0125652355025146008701674302 
0125201368556146008709391301 
0125201368556146008709391302 
0123613487798146008726707801 
0123613487798146008726707802 
0128710002743146008738217001 
0128710002743146008738217002 
0123269336005146008757146601 
0123269336005146008757146602 
0123810459879146008828039001 
0123810459879146008828039002 
0123716375426146008848026201 
0123716375426146008848026202 
0125120096906146008861349601 
0125120096906146008861349602 
0123601365748146008872558201 
0123601365748146008872558202 
0125811349573146008874120201 
0125811349573146008874120202 
0123146709889146008876922801 
0123146709889146008876922802 
0123701061919146008886404401 
0123701061919146008886404402 
0123426276890146008924283801 
0123426276890146008924283802 
0123811800454146008935958501 
0123811800454146008935958502 
0123552002287146008962714701 
0123552002287146008962714702 
0123126815645146009004558101 
0123126815645146009004558102 
0123651248807146009030833901 
0123651248807146009030833902 
0128611259013146009035295801 
0128611259013146009035295802 
0128612140152146009036693801 
0128612140152146009036693802 
0128613373698146009043032401 
0128613373698146009043032402 
0123810921917146009064394201 
0123810921917146009064394202 
0123521110368146009069876301 
0123521110368146009069876302 
0123522018832146009125475101 
0123522018832146009125475102 
0128611733633146009126954801 
0128611733633146009126954802 
0123910273733146009135245101 
0123910273733146009135245102 
0123910102579146009175481501 
0123910102579146009175481502 
0123521365679146009220406701 
0123521365679146009220406702 
0128210509508146009316639801 
0128210509508146009316639802 
0123810732356146009360026301 
0123810732356146009360026302 
0128810339592146009474780201 
0128810339592146009474780202 
0128800029700146009492620701 
0128800029700146009492620702 
0128810560649146009514000801 
0128810560649146009514000802 
0125901083710146009522279601 
0125901083710146009522279602 
0128618334749146009530284901 
0128618334749146009530284902 
0128647224990146009554925301 
0128647224990146009554925302 
0123910905809146009610434801 
0123910905809146009610434802 
0123811649969146009625240601 
0123811649969146009625240602 
0128614043726146009648775901 
0128614043726146009648775902 
0123693558250146009657980901 
0123693558250146009657980902 
0123716271404146009678780301 
0123716271404146009678780302 
0125650713398146009736083901 
0125650713398146009736083902 
0123718546896146009742408001 
0123718546896146009742408002 
0123581726389146009799288701 
0123581726389146009799288702 
0128811052180146009812046201 
0128811052180146009812046202 
0123683595612146009820357901 
0123683595612146009820357902 
0123718987510146009881061101 
0123718987510146009881061102 
0128910112220146009895019901 
0128910112220146009895019902 
0125611193906146009909124901 
0125611193906146009909124902 
0125110182843146009922962101 
0125110182843146009922962102 
0125652782881146009928151101 
0125652782881146009928151102 
0123811993522146009935653601 
0123811993522146009935653602 
0128810490339146009938527801 
0128810490339146009938527802 
0128910893015146009948201701 
0128910893015146009948201702 
0123810433769146009955260301 
0123810433769146009955260302 
0123501107385146009963303001 
0123501107385146009963303002 
0128810527611146010029133101 
0128810527611146010029133102 
0123601200899146010049786401 
0123601200899146010049786402 
0123436826296146010073362001 
0123436826296146010073362002 
0123810606862146010097754401 
0123810606862146010097754402 
0128211198647146010131427301 
0128211198647146010131427302 
0123811509586146010139744601 
0123811509586146010139744602 
0123681044820146010146577701 
0123681044820146010146577702 
0128612457090146010148254001 
0128612457090146010148254002 
0123683337579146010149054401 
0123683337579146010149054402 
0128610533160146010159540701 
0128610533160146010159540702 
0128311018605146010163968001 
0128311018605146010163968002 
0128701000552146010176864001 
0128701000552146010176864002 
0123581649976146010183800601 
0123581649976146010183800602 
0123810898453146010216410401 
0123810898453146010216410402 
0123811333587146010220581901 
0123811333587146010220581902 
0123718875996146010222190101 
0123718875996146010222190102 
0125010050978146010223840201 
0125010050978146010223840202 
0123001926966146010267659801 
0123001926966146010267659802 
0125810355890146010319277801 
0125810355890146010319277802 
0123401036559146010321709201 
0123401036559146010321709202 
0123910789281146010325987501 
0123910789281146010325987502 
0123552799941146010338086901 
0123552799941146010338086902 
0123811635504146010340958201 
0123811635504146010340958202 
0125110182150146010359013701 
0125110182150146010359013702 
0128001393386146010366002701 
0128001393386146010366002702 
0125910792987146010371895801 
0125910792987146010371895802 
0123021202366146010381469101 
0123021202366146010381469102 
0123716408162146010382441001 
0123716408162146010382441002 
0123521653877146010401896601 
0123521653877146010401896602 
0123601292495146010404406001 
0123601292495146010404406002 
0125101093648146010416261201 
0125101093648146010416261202 
0123261835042146010419801101 
0123261835042146010419801102 
0128611444589146010426365801 
0128611444589146010426365802 
0123661180301146010444060201 
0123661180301146010444060202 
0128201228715146010454234901 
0128201228715146010454234902 
0123641272586146010461163001 
0123641272586146010461163002 
0123426358462146010471754801 
0123426358462146010471754802 
0125801224292146010504605501 
0125801224292146010504605502 
0128310255766146010505924301 
0128310255766146010505924302 
0128612912017146010532473301 
0128612912017146010532473302 
0128210049206146010559892001 
0128210049206146010559892002 
0128510918151146010580134601 
0128510918151146010580134602 
0128810285233146010616014401 
0128810285233146010616014402 
0128911149981146010659386401 
0128911149981146010659386402 
0123521446883146010716514901 
0123521446883146010716514902 
0123810286181146010734335501 
0123810286181146010734335502 
0125040453235146010734812601 
0125040453235146010734812602 
0123552019445146010780803501 
0123552019445146010780803502 
0125301365892146010903021501 
0125301365892146010903021502 
0125011095266146010922358901 
0125011095266146010922358902 
0123126757578146010924797301 
0123126757578146010924797302 
0123910063536146010941798201 
0123910063536146010941798202 
0123552178310146010948294201 
0123552178310146010948294202 
0128500560051146010953206201 
0128500560051146010953206202 
0128614092927146010965712701 
0128614092927146010965712702 
0123910892801146010968461301 
0123910892801146010968461302 
0128610307953146010994557901 
0128610307953146010994557902 
0128810761017146011004361401 
0128810761017146011004361402 
0123801009178146011020045901 
0123801009178146011020045902 
0125810996518146011030657001 
0125810996518146011030657002 
0123718218619146011032085001 
0123718218619146011032085002 
0123552929335146011036660101 
0123552929335146011036660102 
0128227295380146011039188801 
0128227295380146011039188802 
0125652358828146011052840401 
0125652358828146011052840402 
0125810946477146011055777301 
0125810946477146011055777302 
0128311433570146011057735901 
0128311433570146011057735902 
0128610287769146011057992201 
0128610287769146011057992202 
0123716066459146011059715101 
0123716066459146011059715102 
0123260476348146011078472001 
0123260476348146011078472002 
0123466623552146011089775301 
0123466623552146011089775302 
0128612585382146011107182601 
0128612585382146011107182602 
0125301019837146011115925501 
0125301019837146011115925502 
0125972698689146011186479301 
0125972698689146011186479302 
0123810925491146011208795701 
0123810925491146011208795702 
0123911887892146011238665901 
0123911887892146011238665902 
0123661327797146011242796101 
0123661327797146011242796102 
0128910751079146011272347401 
0128910751079146011272347402 
0123791915307146011283388301 
0123791915307146011283388302 
0123522182754146011290355401 
0123522182754146011290355402 
0123691195230146011292811801 
0123691195230146011292811802 
0123520651072146011292857701 
0123520651072146011292857702 
0123552960059146011293334101 
0123552960059146011293334102 
0123439055691146011293585901 
0123439055691146011293585902 
0123693544026146011293777501 
0123693544026146011293777502 
0123681318752146011295217001 
0123681318752146011295217002 
0123811222342146011296518401 
0123811222342146011296518402 
0123521111957146011297102401 
0123521111957146011297102402 
0123911965811146011297265601 
0123911965811146011297265602 
0123611335841146011298091301 
0123611335841146011298091302 
0123401138415146011300736101 
0123401138415146011300736102 
0125810927593146011301734501 
0125810927593146011301734502 
0123641292679146011302296901 
0123641292679146011302296902 
0125210820058146011302749301 
0125210820058146011302749302 
0128515296685146011304303901 
0128515296685146011304303902 
0123401132754146011306550001 
0123401132754146011306550002 
0123641093517146011307996801 
0123641093517146011307996802 
0123501308476146011309793201 
0123501308476146011309793202 
0123718340510146011310205201 
0123718340510146011310205202 
0128201666750146011311110901 
0128201666750146011311110902 
0128515296689146011313325701 
0128515296689146011313325702 
0125110005605146011313805101 
0125110005605146011313805102 
0123681151351146011313896601 
0123681151351146011313896602 
0123691181969146011315001001 
0123691181969146011315001002 
0123810952621146011317835901 
0123810952621146011317835902 
0123701019903146011318344801 
0123701019903146011318344802 
0123520819292146011318591201 
0123520819292146011318591202 
0123810613945146011321947101 
0123810613945146011321947102 
0123581674750146011323204701 
0123581674750146011323204702 
0125611032823146011323283501 
0125611032823146011323283502 
0123911918621146011324264101 
0123911918621146011324264102 
0123621233166146011326494701 
0123621233166146011326494702 
0123691408542146011327264401 
0123691408542146011327264402 
0125201635100146011328934901 
0125201635100146011328934902 
0127601663980146011329962301 
0127601663980146011329962302 
0123911881880146011331510701 
0123911881880146011331510702 
0128511558718146011331526901 
0128511558718146011331526902 
0123641000310146011334276901 
0123641000310146011334276902 
0123691212799146011338571501 
0123691212799146011338571502 
0128614097632146011341655701 
0128614097632146011341655702 
0125010656501146011347435101 
0125010656501146011347435102 
0123488675417146011347969201 
0123488675417146011347969202 
0123466511824146011348823501 
0123466511824146011348823502 
0123581546706146011349731601 
0123581546706146011349731602 
0123910786157146011350874501 
0123910786157146011350874502 
0123810108813146011351259401 
0123810108813146011351259402 
0123671260585146011351441801 
0123671260585146011351441802 
0123301208565146011351479401 
0123301208565146011351479402 
0123810569837146011355569101 
0123810569837146011355569102 
0123811055572146011358997001 
0123811055572146011358997002 
0128514070915146011360834401 
0128514070915146011360834402 
0123439483545146011366524701 
0123439483545146011366524702 
0123521478904146011374216601 
0123521478904146011374216602 
0123811055571146011379003401 
0123811055571146011379003402 
0128601323722146011381855601 
0128601323722146011381855602 
0123810678036146011387742501 
0123810678036146011387742502 
0123661030597146011389933301 
0123661030597146011389933302 
0123522916419146011392599301 
0123522916419146011392599302 
0123681328656146011395479401 
0123681328656146011395479402 
0123173273282146011396748201 
0123173273282146011396748202 
0128811663706146011401218601 
0128811663706146011401218602 
0123321120670146011403224401 
0123321120670146011403224402 
0125210836371146011408465101 
0125210836371146011408465102 
0125733290995146011416090401 
0125733290995146011416090402 
0128610342473146011417837901 
0128610342473146011417837902 
0123621349875146011426889401 
0123621349875146011426889402 
0125010656500146011429329201 
0125010656500146011429329202 
0123811024977146011432565601 
0123811024977146011432565602 
0125711122795146011437061201 
0125711122795146011437061202 
0125311316900146011443600101 
0125311316900146011443600102 
0128710183203146011455848301 
0128710183203146011455848302 
0123691315988146011457513201 
0123691315988146011457513202 
0125810663105146011462089301 
0125810663105146011462089302 
0125911018923146011462591801 
0125911018923146011462591802 
0125001027892146011465252201 
0125001027892146011465252202 
0123146180070146011465923001 
0123146180070146011465923002 
0123661288541146011482069201 
0123661288541146011482069202 
0123810268715146011488071601 
0123810268715146011488071602 
0123693573035146011489815101 
0123693573035146011489815102 
0123661008618146011493648701 
0123661008618146011493648702 
0123810305547146011496743101 
0123810305547146011496743102 
0125210442412146011503143701 
0125210442412146011503143702 
0123701377956146011505712801 
0123701377956146011505712802 
0123811099951146011507816301 
0123811099951146011507816302 
0123681187848146011508564501 
0123681187848146011508564502 
0123911045692146011516640301 
0123911045692146011516640302 
0123601193862146011521893001 
0123601193862146011521893002 
0123718098725146011523066001 
0123718098725146011523066002 
0123581812129146011543804801 
0123581812129146011543804802 
0123520922225146011546513001 
0123520922225146011546513002 
0123801291706146011556113901 
0123801291706146011556113902 
0123520582281146011556156101 
0123520582281146011556156102 
0123240320488146011556950601 
0123240320488146011556950602 
0123501136372146011557325401 
0123501136372146011557325402 
0128511998589146011558205401 
0128511998589146011558205402 
0123911292607146011566529101 
0123911292607146011566529102 
0123683668321146011572636901 
0123683668321146011572636902 
0123801056524146011587316401 
0123801056524146011587316402 
0125801548452146011612079101 
0125801548452146011612079102 
0123671074933146011612961801 
0123671074933146011612961802 
0123522718889146011618845101 
0123522718889146011618845102 
0125910754061146011626864601 
0125910754061146011626864602 
0123552170891146011636520201 
0123552170891146011636520202 
0123263140165146011666067201 
0123263140165146011666067202 
0128911596779146011674340701 
0128911596779146011674340702 
0125811069500146011677693201 
0125811069500146011677693202 
0128601368586146011680435201 
0128601368586146011680435202 
0123552130609146011680581501 
0123552130609146011680581502 
0123301311971146011687053501 
0123301311971146011687053502 
0123810586735146011690944201 
0123810586735146011690944202 
0123691405831146011694207801 
0123691405831146011694207802 
0128618496225146011720124401 
0128618496225146011720124402 
0128516838779146011728272501 
0128516838779146011728272502 
0123021285078146011756191001 
0123021285078146011756191002 
0123910601824146011774300001 
0123910601824146011774300002 
0123811814161146011774898901 
0123811814161146011774898902 
0125117936066146011793670201 
0125117936066146011793670202 
0125210721625146011798831201 
0125210721625146011798831202 
0128611849293146011810174201 
0128611849293146011810174202 
0125810463115146011823694601 
0125810463115146011823694602 
0123521325845146011873376701 
0123521325845146011873376702 
0123810127214146011900342901 
0123810127214146011900342902 
0123693006866146011916458301 
0123693006866146011916458302 
0123611363971146011935183501 
0123611363971146011935183502 
0123520762502146011939670401 
0123520762502146011939670402 
0128345975588146011989502201 
0128345975588146011989502202 
0123488890320146012024028401 
0123488890320146012024028402 
0123161567799146012028552701 
0123161567799146012028552702 
0123161184882146012105231001 
0123161184882146012105231002 
0123801017415146012110068501 
0123801017415146012110068502 
0123661255856146012122463301 
0123661255856146012122463302 
0123901287573146012182826201 
0123901287573146012182826202 
0128519119363146012183281101 
0128519119363146012183281102 
0123661026983146012190215201 
0123661026983146012190215202 
0125810598173146012204242801 
0125810598173146012204242802 
0123910008350146012230795701 
0123910008350146012230795702 
0123522423896146012246074601 
0123522423896146012246074602 
0125611043770146012246293401 
0125611043770146012246293402 
0125210895138146012252836301 
0125210895138146012252836302 
0123691002156146012269582001 
0123691002156146012269582002 
0123381234612146012272681301 
0123381234612146012272681302 
0123521100495146012276482001 
0123521100495146012276482002 
0123011090861146012310899601 
0123011090861146012310899602 
0123661013418146012336174501 
0123661013418146012336174502 
0123811357045146012342158001 
0123811357045146012342158002 
0123718245915146012377297201 
0123718245915146012377297202 
0123552583378146012386919301 
0123552583378146012386919302 
0123810816403146012417964101 
0123810816403146012417964102 
0123501385671146012463705101 
0123501385671146012463705102 
0128611762607146012471834101 
0128611762607146012471834102 
0123810297565146012510839901 
0123810297565146012510839902 
0128911096795146012552677701 
0128911096795146012552677702 
0123911718392146012560511301 
0123911718392146012560511302 
0125801259505146012578311501 
0125801259505146012578311502 
0128611243812146012609282801 
0128611243812146012609282802 
0125201297175146012614734901 
0125201297175146012614734902 
0123810107834146012634276601 
0123810107834146012634276602 
0123520174565146012659283801 
0123520174565146012659283802 
0123021234387146012685519401 
0123021234387146012685519402 
0128701319341146012694231901 
0128701319341146012694231902 
0123718984030146012700651501 
0123718984030146012700651502 
0123522531009146012707439001 
0123522531009146012707439002 
0123651305463146012743751301 
0123651305463146012743751302 
0128804280791146012842527701 
0128804280791146012842527702 
0123832122805146012843643701 
0123832122805146012843643702 
0123671323087146012868635901 
0123671323087146012868635902 
0128515653590146012928322501 
0128515653590146012928322502 
0125810196626146012936901501 
0125810196626146012936901502 
0125901506237146012941268701 
0125901506237146012941268702 
0123810222743146013117113801 
0123810222743146013117113802 
0123501199378146013230061801 
0123501199378146013230061802 
0125652677606146013330926301 
0125652677606146013330926302 
0123521871156146013776815001 
0123521871156146013776815002 
0123911779523146013893091701 
0123911779523146013893091702 
0123436364559146014042222701 
0123436364559146014042222702 
0123701244987146014671916201 
0123701244987146014671916202 
0125910688869146015214782001 
0125910688869146015214782002 
0128910275320146015438475701 
0128910275320146015438475702 
0123381419928146015449473501 
0123381419928146015449473502 
0123683293687146015459346601 
0123683293687146015459346602 
0123521268640146015465138501 
0123521268640146015465138502 
0125210050914146015482047501 
0125210050914146015482047502 
0123911799556146015604300101 
0123911799556146015604300102 
0123426118807146015628250801 
0123426118807146015628250802 
0128519163550146015636060501 
0128519163550146015636060502 
0123693399743146015667966001 
0123693399743146015667966002 
0123316089953146015675533501 
0123316089953146015675533502 
0123683130233146015707775301 
0123683130233146015707775302 
0123701394710146015804262401 
0123701394710146015804262402 
0128201186768146015810277301 
0128201186768146015810277302 
0125801572097146015851585201 
0125801572097146015851585202 
0123611030653146015861625901 
0123611030653146015861625902 
0123611265678146015867623201 
0123611265678146015867623202 
0125801653500146016024014201 
0125801653500146016024014202 
0128301202396146016039122901 
0128301202396146016039122902 
0123910553618146016063446801 
0123910553618146016063446802 
0128510065476146016088876501 
0128510065476146016088876502 
0128811649891146016173140101 
0128811649891146016173140102 
0128841480007146016178652201 
0128841480007146016178652202 
0123810937091146016214343001 
0123810937091146016214343002 
0128601277037146016251095601 
0128601277037146016251095602 
0125901180206146016274363201 
0125901180206146016274363202 
0125210933976146016300429701 
0125210933976146016300429702 
0128201696183146016342836101 
0128201696183146016342836102 
0123581655762146016399199901 
0123581655762146016399199902 
0123901192296146016435309301 
0123901192296146016435309302 
0123801211950146016439607201 
0123801211950146016439607202 
0128701573950146016470319701 
0128701573950146016470319702 
0123261609633146016504880201 
0123261609633146016504880202 
0125510008831146016542021501 
0125510008831146016542021502 
0123581540653146016551747701 
0123581540653146016551747702 
0125011262619146016593949701 
0125011262619146016593949702 
0123911238736146016594961001 
0123911238736146016594961002 
0123681068619146016623535301 
0123681068619146016623535302 
0128509133373146016657636201 
0128509133373146016657636202 
0123521812989146016692664401 
0123521812989146016692664402 
0123331169177146016731115701 
0123331169177146016731115702 
0123520906116146016736552401 
0123520906116146016736552402 
0123885318198146016747772101 
0123885318198146016747772102 
0123146689595146016759898401 
0123146689595146016759898402 
0123126679380146016771398601 
0123126679380146016771398602 
0125330208133146016772564901 
0125330208133146016772564902 
0123522096223146016844724501 
0123522096223146016844724502 
0123488756358146016858552201 
0123488756358146016858552202 
0123466718802146016889297701 
0123466718802146016889297702 
0123261307002146016890487901 
0123261307002146016890487902 
0123691306101146016929401501 
0123691306101146016929401502 
0125110165029146016930598001 
0125110165029146016930598002 
0125201168237146016945970501 
0125201168237146016945970502 
0128519867060146016995113201 
0128519867060146016995113202 
0123552017880146017010311601 
0123552017880146017010311602 
0123641091680146017070186301 
0123641091680146017070186302 
0123691298503146017097505501 
0123691298503146017097505502 
0128911658305146017099654301 
0128911658305146017099654302 
0128612496278146017127279301 
0128612496278146017127279302 
0125810502048146017142504301 
0125810502048146017142504302 
0128601179661146017160898301 
0128601179661146017160898302 
0125901122397146017166160601 
0125901122397146017166160602 
0123810079123146017173891001 
0123810079123146017173891002 
0123681352680146017182530801 
0123681352680146017182530802 
0123910562997146017207518401 
0123910562997146017207518402 
0123611058586146017208367201 
0123611058586146017208367202 
0128101082369146017236788501 
0128101082369146017236788502 
0123621298729146017239020201 
0123621298729146017239020202 
0125611030879146017255893301 
0125611030879146017255893302 
0128611986229146017257784801 
0128611986229146017257784802 
0128612036579146017317327301 
0128612036579146017317327302 
0123552580542146017342228401 
0123552580542146017342228402 
0125901460646146017375573701 
0125901460646146017375573702 
0123701131301146017391753401 
0123701131301146017391753402 
0125600686101146017410777701 
0125600686101146017410777702 
0123671208307146017416563701 
0123671208307146017416563702 
0123241322364146017505125001 
0123241322364146017505125002 
0123521660464146017512538101 
0123521660464146017512538102 
0123910381736146017542270301 
0123910381736146017542270302 
0125810102183146017546433101 
0125810102183146017546433102 
0123437131026146017637518601 
0123437131026146017637518602 
0127710135527146017637595601 
0127710135527146017637595602 
0123699141994146017739583201 
0123699141994146017739583202 
0123240911972146017745904301 
0123240911972146017745904302 
0123901255476146017748589201 
0123901255476146017748589202 
0128301628862146017751166001 
0128301628862146017751166002 
0128001301879146017752119801 
0128001301879146017752119802 
0123911362351146017756988101 
0123911362351146017756988102 
0123611393976146017768930301 
0123611393976146017768930302 
0123521126876146017802159501 
0123521126876146017802159502 
0125810025591146017816332301 
0125810025591146017816332302 
0123810024845146017859188601 
0123810024845146017859188602 
0128612663788146017867064301 
0128612663788146017867064302 
0123552590201146017878077101 
0123552590201146017878077102 
0123810608260146017883293401 
0123810608260146017883293402 
0123488796832146017889140001 
0123488796832146017889140002 
0125801082857146017913343801 
0125801082857146017913343802 
0128810951622146017936116901 
0128810951622146017936116902 
0123810708793146017952760501 
0123810708793146017952760502 
0123671238612146017957908801 
0123671238612146017957908802 
0125652349081146017975102801 
0125652349081146017975102802 
0123718648163146017982708701 
0123718648163146017982708702 
0123466366744146018003630001 
0123466366744146018003630002 
0123501037538146018011417701 
0123501037538146018011417702 
0125373219267146018020413401 
0125373219267146018020413402 
0123910058305146018049650701 
0123910058305146018049650702 
0125010855196146018049870801 
0125010855196146018049870802 
0128911853094146018086738101 
0128911853094146018086738102 
0128611131149146018107872301 
0128611131149146018107872302 
0128910719127146018109593901 
0128910719127146018109593902 
0125210875286146018117188201 
0125210875286146018117188202 
0128600421838146018124882401 
0128600421838146018124882402 
0123910911244146018125831601 
0123910911244146018125831602 
0123810566116146018135587601 
0123810566116146018135587602 
0125210986840146018172132201 
0125210986840146018172132202 
0123974662893146018179720101 
0123974662893146018179720102 
0123801333594146018194110201 
0123801333594146018194110202 
0123520712084146018194416201 
0123520712084146018194416202 
0123671305072146018198476501 
0123671305072146018198476502 
0123787668339146018215109401 
0123787668339146018215109402 
0123693238768146018218469001 
0123693238768146018218469002 
0123621103563146018299097201 
0123621103563146018299097202 
0123910669087146018307564701 
0123910669087146018307564702 
0123681201625146018343126701 
0123681201625146018343126702 
0128131611840146018347846901 
0128131611840146018347846902 
0128910193708146018359124601 
0128910193708146018359124602 
0123811519123146018363701501 
0123811519123146018363701502 
0125910695118146018370296901 
0125910695118146018370296902 
0123911942734146018372598701 
0123911942734146018372598702 
0123521792457146018387760901 
0123521792457146018387760902 
0123552607265146018391112101 
0123552607265146018391112102 
0123681486473146018403061801 
0123681486473146018403061802 
0123973207181146018421563101 
0123973207181146018421563102 
0123552416295146018426808601 
0123552416295146018426808602 
0128511652789146018452759301 
0128511652789146018452759302 
0128611075743146018473883901 
0128611075743146018473883902 
0123581631425146018518379101 
0123581631425146018518379102 
0125210243133146018534388801 
0125210243133146018534388802 
0123911273556146018613617301 
0123911273556146018613617302 
0128518083586146018626206601 
0128518083586146018626206602 
0123683518946146018627280101 
0123683518946146018627280102 
0125010806526146018633447501 
0125010806526146018633447502 
0125300052830146018637569201 
0125300052830146018637569202 
0123717743713146018658539001 
0123717743713146018658539002 
0123683260214146018661563301 
0123683260214146018661563302 
0123552170035146018675831001 
0123552170035146018675831002 
0123910195896146018683079001 
0123910195896146018683079002 
0128610504707146018685109601 
0128610504707146018685109602 
0123521553386146018706428001 
0123521553386146018706428002 
0123811185993146018722942501 
0123811185993146018722942502 
0123426416535146018723440201 
0123426416535146018723440202 
0123810188373146018735359301 
0123810188373146018735359302 
0123681570621146018739486501 
0123681570621146018739486502 
0123911758163146018750115001 
0123911758163146018750115002 
0123611181393146018765228001 
0123611181393146018765228002 
0123121811542146018809712401 
0123121811542146018809712402 
0128519073868146018822664901 
0128519073868146018822664902 
0123426054197146018840373601 
0123426054197146018840373602 
0123520025519146018849452001 
0123520025519146018849452002 
0125201555309146018854329201 
0125201555309146018854329202 
0123716251966146018874167701 
0123716251966146018874167702 
0123681140767146018879512101 
0123681140767146018879512102 
0123910122279146018898571101 
0123910122279146018898571102 
0128519101597146018912970901 
0128519101597146018912970902 
0128612580288146018918492501 
0128612580288146018918492502 
0123651266931146018927752601 
0123651266931146018927752602 
0123661053905146018942103601 
0123661053905146018942103602 
0128910233658146018950506901 
0128910233658146018950506902 
0128612449408146019007125401 
0128612449408146019007125402 
0123811587434146019017383101 
0123811587434146019017383102 
0125811121739146019038969301 
0125811121739146019038969302 
0123671073094146019062121201 
0123671073094146019062121202 
0123810368900146019099070001 
0123810368900146019099070002 
0128500844048146019111506501 
0128500844048146019111506502 
0125101080227146019115746401 
0125101080227146019115746402 
0123691037151146019123232601 
0123691037151146019123232602 
0123901127992146019131303201 
0123901127992146019131303202 
0128911838361146019159672101 
0128911838361146019159672102 
0125247442628146019189596501 
0125247442628146019189596502 
0123810724801146019217618801 
0123810724801146019217618802 
0123661009825146019218276901 
0123661009825146019218276902 
0123121121127146019228686201 
0123121121127146019228686202 
0123621166065146019257710501 
0123621166065146019257710502 
0123811189538146019272179301 
0123811189538146019272179302 
0123161903737146019278186801 
0123161903737146019278186802 
0123811371786146019289220501 
0123811371786146019289220502 
0123641166860146019290288601 
0123641166860146019290288602 
0125711391121146019314334101 
0125711391121146019314334102 
0123102446123146019322177901 
0123102446123146019322177902 
0123717507126146019330589601 
0123717507126146019330589602 
0128611379458146019342478901 
0128611379458146019342478902 
0123552241073146019344025901 
0123552241073146019344025902 
0123501158449146019349672701 
0123501158449146019349672702 
0123911585905146019367861201 
0123911585905146019367861202 
0123671191130146019369782601 
0123671191130146019369782602 
0123901081105146019384634401 
0123901081105146019384634402 
0128513904468146019395676301 
0128513904468146019395676302 
0123581981861146019408078401 
0123581981861146019408078402 
0123552483332146019415787101 
0123552483332146019415787102 
0123552726655146019417910701 
0123552726655146019417910702 
0125910920035146019469884101 
0125910920035146019469884102 
0123717876022146019489351001 
0123717876022146019489351002 
0128610940956146019524597601 
0128610940956146019524597602 
0123020058726146019531142101 
0123020058726146019531142102 
0125811233179146019566733901 
0125811233179146019566733902 
0123718585506146019572621601 
0123718585506146019572621602 
0123910261519146019573498601 
0123910261519146019573498602 
0123051989517146019595627301 
0123051989517146019595627302 
0128201588868146019624212101 
0128201588868146019624212102 
0123466661983146019626964701 
0123466661983146019626964702 
0123520382990146019640824601 
0123520382990146019640824602 
0123651361522146019664302501 
0123651361522146019664302502 
0123311508581146019675126401 
0123311508581146019675126402 
0125718882290146019680622401 
0125718882290146019680622402 
0123552622578146019696992801 
0123552622578146019696992802 
0125811010378146019715046801 
0125811010378146019715046802 
0123671187716146019718805501 
0123671187716146019718805502 
0128612340689146019727105301 
0128612340689146019727105302 
0123071135038146019843006701 
0123071135038146019843006702 
0125901565890146019915553401 
0125901565890146019915553402 
0123681086675146019916580501 
0123681086675146019916580502 
0123683398950146019916721301 
0123683398950146019916721302 
0123811078494146019920604201 
0123811078494146019920604202 
0123341060072146019920716201 
0123341060072146019920716202 
0128211073708146019923753301 
0128211073708146019923753302 
0128911798402146019925815701 
0128911798402146019925815702 
0123910024575146019926254701 
0123910024575146019926254702 
0128612359170146019926726801 
0128612359170146019926726802 
0123701387460146019931616301 
0123701387460146019931616302 
0123683086201146019939128401 
0123683086201146019939128402 
0125110266719146019949525701 
0125110266719146019949525702 
0123910415430146019956593901 
0123910415430146019956593902 
0123611099265146019959246401 
0123611099265146019959246402 
0123661174678146019969900701 
0123661174678146019969900702 
0125601362830146019972448901 
0125601362830146019972448902 
0123051510360146019989502601 
0123051510360146019989502602 
0123683373623146019991135701 
0123683373623146019991135702 
0123581800528146019997608401 
0123581800528146019997608402 
0123601252493146020020331501 
0123601252493146020020331502 
0123691177366146020045638801 
0123691177366146020045638802 
0123621065292146020059338201 
0123621065292146020059338202 
0123011155609146020065197601 
0123011155609146020065197602 
0128511215826146020117318601 
0128511215826146020117318602 
0123671213656146020122494301 
0123671213656146020122494302 
0128510787693146020128453401 
0128510787693146020128453402 
0123520658411146020144569601 
0123520658411146020144569602 
0128810706759146020155057201 
0128810706759146020155057202 
0125101139363146020171719701 
0125101139363146020171719702 
0123811239804146020173793401 
0123811239804146020173793402 
0128601113216146020174464301 
0128601113216146020174464302 
0128611661186146020186538701 
0128611661186146020186538702 
0123520246986146020196505801 
0123520246986146020196505802 
0125601096220146020197419401 
0125601096220146020197419402 
0123681179975146020201071001 
0123681179975146020201071002 
0123520573843146020201409301 
0123520573843146020201409302 
0125601083331146020207471101 
0125601083331146020207471102 
0123683380319146020213112301 
0123683380319146020213112302 
0123683225813146020233026701 
0123683225813146020233026702 
0123691275142146020234006301 
0123691275142146020234006302 
0125001390265146020239116301 
0125001390265146020239116302 
0125903351981146020245026001 
0125903351981146020245026002 
0123691196194146020254387501 
0123691196194146020254387502 
0123501220173146020270912101 
0123501220173146020270912102 
0123661331103146020283669101 
0123661331103146020283669102 
0123501011235146020298532601 
0123501011235146020298532602 
0123521289109146020309257901 
0123521289109146020309257902 
0128601025868146020313297801 
0128601025868146020313297802 
0123269817711146020318581201 
0123269817711146020318581202 
0123693231672146020322574901 
0123693231672146020322574902 
0128500304379146020334674301 
0128500304379146020334674302 
0125801197833146020358746501 
0125801197833146020358746502 
0123011251848146020369139201 
0123011251848146020369139202 
0123718059569146020371563101 
0123718059569146020371563102 
0128610295512146020379428001 
0128610295512146020379428002 
0123811355895146020383440901 
0123811355895146020383440902 
0125810086788146020388798201 
0125810086788146020388798202 
0123581916127146020390800301 
0123581916127146020390800302 
0125311419156146020409068201 
0125311419156146020409068202 
0128510517061146020412660801 
0128510517061146020412660802 
0123311012259146020418835201 
0123311012259146020418835202 
0128801170616146020423671301 
0128801170616146020423671302 
0123811558148146020427748201 
0123811558148146020427748202 
0123811060494146020437846801 
0123811060494146020437846802 
0125601370269146020443961801 
0125601370269146020443961802 
0123370186995146020444040001 
0123370186995146020444040002 
0123120130998146020459250101 
0123120130998146020459250102 
0123240080324146020468917301 
0123240080324146020468917302 
0123810050392146020471325501 
0123810050392146020471325502 
0128632682695146020477740001 
0128632682695146020477740002 
0123671072654146020495402501 
0123671072654146020495402502 
0123691216590146020497812101 
0123691216590146020497812102 
0123716226506146020498992901 
0123716226506146020498992902 
0128801340328146020499518701 
0128801340328146020499518702 
0123120142424146020501077801 
0123120142424146020501077802 
0128611505650146020519891001 
0128611505650146020519891002 
0123901094102146020524280001 
0123901094102146020524280002 
0123811029308146020530215401 
0123811029308146020530215402 
0125510332026146020530754901 
0125510332026146020530754902 
0123810474185146020571904501 
0123810474185146020571904502 
0123717742659146020587544001 
0123717742659146020587544002 
0123426065492146020616747201 
0123426065492146020616747202 
0125201665702146020653428301 
0125201665702146020653428302 
0123381220726146020654949101 
0123381220726146020654949102 
0123718010826146020712438101 
0123718010826146020712438102 
0125201566264146020718517201 
0125201566264146020718517202 
0123522071380146020754704401 
0123522071380146020754704402 
0123001928788146020764016501 
0123001928788146020764016502 
0123901083767146020772346901 
0123901083767146020772346902 
0128810903894146020780018101 
0128810903894146020780018102 
0123436331799146020793558401 
0123436331799146020793558402 
0123717920760146020796989601 
0123717920760146020796989602 
0128519311846146020805782201 
0128519311846146020805782202 
0125811237295146020816789601 
0125811237295146020816789602 
0123473231616146020822781101 
0123473231616146020822781102 
0123146134007146020825993901 
0123146134007146020825993902 
0128901190889146020867997501 
0128901190889146020867997502 
0128610684411146020878155801 
0128610684411146020878155802 
0123261527609146020882307801 
0123261527609146020882307802 
0123811824011146020890757301 
0123811824011146020890757302 
0125210514726146020902280001 
0125210514726146020902280002 
0123691543534146020921334201 
0123691543534146020921334202 
0128811030224146020938384401 
0128811030224146020938384402 
0128610448450146020964079801 
0128610448450146020964079802 
0125011325872146020976238101 
0125011325872146020976238102 
0123401137966146020991547501 
0123401137966146020991547502 
0125110162709146021010181401 
0125110162709146021010181402 
0123810820654146021019053401 
0123810820654146021019053402 
0123701175223146021031795901 
0123701175223146021031795902 
0123910974699146021050699201 
0123910974699146021050699202 
0123520703715146021084925101 
0123520703715146021084925102 
0123120104214146021085537501 
0123120104214146021085537502 
0125910609485146021093165301 
0125910609485146021093165302 
0123693544850146021131759401 
0123693544850146021131759402 
0123901365215146021139186601 
0123901365215146021139186602 
0123641148072146021147973901 
0123641148072146021147973902 
0123661113813146021164436201 
0123661113813146021164436202 
0123910090267146021165131701 
0123910090267146021165131702 
0123141411395146021166976701 
0123141411395146021166976702 
0125810858850146021193159401 
0125810858850146021193159402 
0123651193533146021212237301 
0123651193533146021212237302 
0123651103311146021240224101 
0123651103311146021240224102 
0123699121574146021268572001 
0123699121574146021268572002 
0125941690888146021292488701 
0125941690888146021292488702 
0123910881403146021304623801 
0123910881403146021304623802 
0123331008318146021304673101 
0123331008318146021304673102 
0125801364681146021306515301 
0125801364681146021306515302 
0128501075825146021337437901 
0128501075825146021337437902 
0128010075793146021337677901 
0128010075793146021337677902 
0123520305456146021349713301 
0123520305456146021349713302 
0125201120848146021365425901 
0125201120848146021365425902 
0123521672582146021376458701 
0123521672582146021376458702 
0128101371281146021409097701 
0128101371281146021409097702 
0123436982596146021419588201 
0123436982596146021419588202 
0125210646963146021424602301 
0125210646963146021424602302 
0125001083469146021437664201 
0125001083469146021437664202 
0128201275228146021441314401 
0128201275228146021441314402 
0123521381012146021442228601 
0123521381012146021442228602 
0123641171171146021464835401 
0123641171171146021464835402 
0123671393949146021479151901 
0123671393949146021479151902 
0125932685952146021481941101 
0125932685952146021481941102 
0123269128871146021549842801 
0123269128871146021549842802 
0123810376799146021556304901 
0123810376799146021556304902 
0123811350684146021572588501 
0123811350684146021572588502 
0123552008117146021578767601 
0123552008117146021578767602 
0123911014052146021606617901 
0123911014052146021606617902 
0123641394238146021613738301 
0123641394238146021613738302 
0128612259542146021630754501 
0128612259542146021630754502 
0123501173584146021685538001 
0123501173584146021685538002 
0125101136285146021692177201 
0125101136285146021692177202 
0123699195611146021694279901 
0123699195611146021694279902 
0128800126989146022170886001 
0128800126989146022170886002 
0123552959580146024201662001 
0123552959580146024201662002 
0128600182690146024219481201 
0128600182690146024219481202 
0123401113897146024256939701 
0123401113897146024256939702 
0123426246607146024272422001 
0123426246607146024272422002 
0123911399747146024287680901 
0123911399747146024287680902 
0123910967927146024291094401 
0123910967927146024291094402 
0128601287980146024340840001 
0128601287980146024340840002 
0128088825755146024374507001 
0128088825755146024374507002 
0123681393097146024465310601 
0123681393097146024465310602 
0123521037519146024480597101 
0123521037519146024480597102 
0125011533645146024523922201 
0125011533645146024523922202 
0128511669633146024535950701 
0128511669633146024535950702 
0123716243181146024628832201 
0123716243181146024628832202 
0125611601650146024657939301 
0125611601650146024657939302 
0123810499175146024683399701 
0123810499175146024683399702 
0123521373951146024713694701 
0123521373951146024713694702 
0123522067782146024744503001 
0123522067782146024744503002 
0128311093633146024750038901 
0128311093633146024750038902 
0123910252216146024750489501 
0123910252216146024750489502 
0123910793270146024757410201 
0123910793270146024757410202 
0123683285807146024761586201 
0123683285807146024761586202 
0123811199728146024787509901 
0123811199728146024787509902 
0123801216283146024806500801 
0123801216283146024806500802 
0128633735201146024816138301 
0128633735201146024816138302 
0123718591678146024825912501 
0123718591678146024825912502 
0125811033747146024832723901 
0125811033747146024832723902 
0123520981361146024845382201 
0123520981361146024845382202 
0123717871629146024846049701 
0123717871629146024846049702 
0123911013130146024854708001 
0123911013130146024854708002 
0123718471718146024870295201 
0123718471718146024870295202 
0123501268043146024884820001 
0123501268043146024884820002 
0125210075132146024899900301 
0125210075132146024899900302 
0128810059091146024901989001 
0128810059091146024901989002 
0125801471238146024915595901 
0125801471238146024915595902 
0125901032198146024935917301 
0125901032198146024935917302 
0123401122175146024956357601 
0123401122175146024956357602 
0123716985263146024958934001 
0123716985263146024958934002 
0123911886603146024971152401 
0123911886603146024971152402 
0125801367285146024971815101 
0125801367285146024971815102 
0125001128706146024978236001 
0125001128706146024978236002 
0125001394654146024994405401 
0125001394654146024994405402 
0123699268574146025092083001 
0123699268574146025092083002 
0123957291987146025095016501 
0123957291987146025095016502 
0128511865297146025114888001 
0128511865297146025114888002 
0125810304298146025121411701 
0125810304298146025121411702 
0128010483799146025122875001 
0128010483799146025122875002 
0125322210072146025123510001 
0125322210072146025123510002 
0128911255316146025140268201 
0128911255316146025140268202 
0123717995710146025144352201 
0123717995710146025144352202 
0123366115778146025181785301 
0123366115778146025181785302 
0123521279238146025240461801 
0123521279238146025240461802 
0128610372950146025281589201 
0128610372950146025281589202 
0125210565067146025298531801 
0125210565067146025298531802 
0123366136443146025310062101 
0123366136443146025310062102 
0125611420865146025312555201 
0125611420865146025312555202 
0123681070819146025342355801 
0123681070819146025342355802 
0123810908285146025346219301 
0123810908285146025346219302 
0128611732958146025376288601 
0128611732958146025376288602 
0123810521055146025380886901 
0123810521055146025380886902 
0123552786024146025429179001 
0123552786024146025429179002 
0128686821315146025439764701 
0128686821315146025439764702 
0128810370787146025460019101 
0128810370787146025460019102 
0128210251268146025460154101 
0128210251268146025460154102 
0123366378187146025468154801 
0123366378187146025468154802 
0125300186531146025472317701 
0125300186531146025472317702 
0123520031034146025492659501 
0123520031034146025492659502 
0125901517460146025498562401 
0125901517460146025498562402 
0123520111770146025502927901 
0123520111770146025502927902 
0123683367315146025504939601 
0123683367315146025504939602 
0127701084642146025507276101 
0127701084642146025507276102 
0123810312377146025517619701 
0123810312377146025517619702 
0123401068985146025548865801 
0123401068985146025548865802 
0123439255601146025587020601 
0123439255601146025587020602 
0125510072724146025617653401 
0125510072724146025617653402 
0123520590766146025624429301 
0123520590766146025624429302 
0123801376190146025662820701 
0123801376190146025662820702 
0123811228426146025666736001 
0123811228426146025666736002 
0128501362857146025668843601 
0128501362857146025668843602 
0123811900034146025684320901 
0123811900034146025684320902 
0123810737757146025724110801 
0123810737757146025724110802 
0128610701309146025733628501 
0128610701309146025733628502 
0123501270080146025752072901 
0123501270080146025752072902 
0123581679061146025794569901 
0123581679061146025794569902 
0123520952448146025801993501 
0123520952448146025801993502 
0123261582478146025860100101 
0123261582478146025860100102 
0123693003775146025889311901 
0123693003775146025889311902 
0123717982382146025898677501 
0123717982382146025898677502 
0128614029816146025907732701 
0128614029816146025907732702 
0128911971301146025920514401 
0128911971301146025920514402 
0123521519268146025948019701 
0123521519268146025948019702 
0128310529849146026036084901 
0128310529849146026036084902 
0125210397198146026061864801 
0125210397198146026061864802 
0123683544760146026091393001 
0123683544760146026091393002 
0123466379261146026120299601 
0123466379261146026120299602 
0123681239917146026129414101 
0123681239917146026129414102 
0123501312519146026204134501 
0123501312519146026204134502 
0125810150625146026206207201 
0125810150625146026206207202 
0123810791085146026206412101 
0123810791085146026206412102 
0123552590161146026282168401 
0123552590161146026282168402 
0123701064923146026301694101 
0123701064923146026301694102 
0123935282431146026364255201 
0123935282431146026364255202 
0123693098309146026402432901 
0123693098309146026402432902 
0123701206520146026420288601 
0123701206520146026420288602 
0125620511596146026427715401 
0125620511596146026427715402 
0123146494158146026453597301 
0123146494158146026453597302 
0123522063339146026475330001 
0123522063339146026475330002 
0125300033551146026485478901 
0125300033551146026485478902 
0128531600968146026524077901 
0128531600968146026524077902 
0128515339119146026529125201 
0128515339119146026529125202 
0123331087727146026535873401 
0123331087727146026535873402 
0123718075957146026537775401 
0123718075957146026537775402 
0125210570364146026544201201 
0125210570364146026544201202 
0125010091633146026556531701 
0125010091633146026556531702 
0128612709582146026560739401 
0128612709582146026560739402 
0128810140115146026560976901 
0128810140115146026560976902 
0123121178831146026562862101 
0123121178831146026562862102 
0125001259781146026566936001 
0125001259781146026566936002 
0123671295052146026590399201 
0123671295052146026590399202 
0125801655362146026590732001 
0125801655362146026590732002 
0125600921192146026592730301 
0125600921192146026592730302 
0123601159305146026620246501 
0123601159305146026620246502 
0123671174765146026625945801 
0123671174765146026625945802 
0128611602465146026631337301 
0128611602465146026631337302 
0128601152315146026670646101 
0128601152315146026670646102 
0123301012908146026704732401 
0123301012908146026704732402 
0125611074778146026709352101 
0125611074778146026709352102 
0123810784385146026734008601 
0123810784385146026734008602 
0123366193102146026741773901 
0123366193102146026741773902 
0123811783907146026754198301 
0123811783907146026754198302 
0123691105672146026763738201 
0123691105672146026763738202 
0128811260102146026788074501 
0128811260102146026788074502 
0128811735417146026806710401 
0128811735417146026806710402 
0125011242563146026810694501 
0125011242563146026810694502 
0123611278672146026862248001 
0123611278672146026862248002 
0123810922189146026867032501 
0123810922189146026867032502 
0125110021808146026873724001 
0125110021808146026873724002 
0125010349889146026887773001 
0125010349889146026887773002 
0123693351834146026901728001 
0123693351834146026901728002 
0123521366560146026901951501 
0123521366560146026901951502 
0128510784828146026908046801 
0128510784828146026908046802 
0128810983819146026931242901 
0128810983819146026931242902 
0128500701604146026955762401 
0128500701604146026955762402 
0123001076177146026963417001 
0123001076177146026963417002 
0123810638363146026973486901 
0123810638363146026973486902 
0123671275510146026982896401 
0123671275510146026982896402 
0123910398727146026983172801 
0123910398727146026983172802 
0123121129582146026990471901 
0123121129582146026990471902 
0123260107860146026993895901 
0123260107860146026993895902 
0123521373603146027012498201 
0123521373603146027012498202 
0125901298582146027019056301 
0125901298582146027019056302 
0128612082796146027021276501 
0128612082796146027021276502 
0123661283590146027024925701 
0123661283590146027024925702 
0128518954042146027044638601 
0128518954042146027044638602 
0123810320616146027054242201 
0123810320616146027054242202 
0123051955086146027055215601 
0123051955086146027055215602 
0125127872023146027057494701 
0125127872023146027057494702 
0123521019316146027058807301 
0123521019316146027058807302 
0123021080067146027069648301 
0123021080067146027069648302 
0123910578057146027104013701 
0123910578057146027104013702 
0123488667055146027113824901 
0123488667055146027113824902 
0123910931037146027124120901 
0123910931037146027124120902 
0125901416167146027130200901 
0125901416167146027130200902 
0127710353218146027157414001 
0127710353218146027157414002 
0123681188522146027161932101 
0123681188522146027161932102 
0128610809664146027229313101 
0128610809664146027229313102 
0123691398483146027254140201 
0123691398483146027254140202 
0123810872680146027264919301 
0123810872680146027264919302 
0125811249008146027290100801 
0125811249008146027290100802 
0123522502579146027298556601 
0123522502579146027298556602 
0123683533622146027307827101 
0123683533622146027307827102 
0125210081670146027318722001 
0125210081670146027318722002 
0123910233565146027332295801 
0123910233565146027332295802 
0123811892104146027342414601 
0123811892104146027342414602 
0125010712982146027357204601 
0125010712982146027357204602 
0123910922034146027372723401 
0123910922034146027372723402 
0123811499348146027384551401 
0123811499348146027384551402 
0123910279642146027390468101 
0123910279642146027390468102 
0123810388717146027398543501 
0123810388717146027398543502 
0128518780210146027402582001 
0128518780210146027402582002 
0125801191663146027406282901 
0125801191663146027406282902 
0123810223309146027413707501 
0123810223309146027413707502 
0123810755532146027416581201 
0123810755532146027416581202 
0123520504468146027424501301 
0123520504468146027424501302 
0123581644780146027425487101 
0123581644780146027425487102 
0123466312642146027432317001 
0123466312642146027432317002 
0128811513963146027446569501 
0128811513963146027446569502 
0125810095246146027460422201 
0125810095246146027460422202 
0128800117810146027460792801 
0128800117810146027460792802 
0125600580376146027463609201 
0125600580376146027463609202 
0123683371854146027464676101 
0123683371854146027464676102 
0123581855440146027472274101 
0123581855440146027472274102 
0125010766219146027472484101 
0125010766219146027472484102 
0128211004520146027494519201 
0128211004520146027494519202 
0123683296757146027506162801 
0123683296757146027506162802 
0123520893255146027514830101 
0123520893255146027514830102 
0128611180876146027520879901 
0128611180876146027520879902 
0123717695808146027525907301 
0123717695808146027525907302 
0128311478415146027553297601 
0128311478415146027553297602 
0128911315510146027554999901 
0128911315510146027554999902 
0123671087788146027564451401 
0123671087788146027564451402 
0123651258868146027581014901 
0123651258868146027581014902 
0123581883959146027583548301 
0123581883959146027583548302 
0123041076502146027584344301 
0123041076502146027584344302 
0128910986104146027602340201 
0128910986104146027602340202 
0123261105302146027641271901 
0123261105302146027641271902 
0123141433394146027644109001 
0123141433394146027644109002 
0128610062428146027644342001 
0128610062428146027644342002 
0125801212658146027652851001 
0125801212658146027652851002 
0128610489584146027659385601 
0128610489584146027659385602 
0123718389352146027684289901 
0123718389352146027684289902 
0123661235648146027690983201 
0123661235648146027690983202 
0123691259922146027691765801 
0123691259922146027691765802 
0123671394825146027693822601 
0123671394825146027693822602 
0123701371021146027697051001 
0123701371021146027697051002 
0128510775964146027724743501 
0128510775964146027724743502 
0128910960378146027748711701 
0128910960378146027748711702 
0128801153015146027750972001 
0128801153015146027750972002 
0123522571942146027752265001 
0123522571942146027752265002 
0123552693754146027763296401 
0123552693754146027763296402 
0123691279213146027773279301 
0123691279213146027773279302 
0125210466427146027795283501 
0125210466427146027795283502 
0128610471250146027795713801 
0128610471250146027795713802 
0123521210117146027801308001 
0123521210117146027801308002 
0128210515590146027803958301 
0128210515590146027803958302 
0128701127081146027818436501 
0128701127081146027818436502 
0123621368685146027830104401 
0123621368685146027830104402 
0123641236892146027870717301 
0123641236892146027870717302 
0123641133632146027874802401 
0123641133632146027874802402 
0128519532234146027879731401 
0128519532234146027879731402 
0128515327718146027886351601 
0128515327718146027886351602 
0128519331007146027890201601 
0128519331007146027890201602 
0125643480091146027894703801 
0125643480091146027894703802
